%YAML:1.0
---
K: !!opencv-matrix
   rows: 3
   cols: 3
   dt: d
   data: [ 430.08624267578125, 0., 418.8863830566406, 0.,
       429.7792053222656, 242.76751708984375, 0., 0., 1. ]
D: !!opencv-matrix
   rows: 1
   cols: 5
   dt: d
   data: [ -0.05421198159456253, 0.057291481643915176, 0.0008493391796946526, 0.0008282775525003672, -0.018262451514601707 ]
